1000
830 -2566
-8031 -5984
1728 -8519
8523 6121
-5268 -8133
7163 -4316
-6401 6987
-1115 -7779
-2311 -9156
2342 6965
-1927 -6456
2840 2174
3802 67
6578 9726
2912 8096
5173 -5378
9816 -9519
2090 -8023
-8214 -229
3200 -8669
1922 9895
-2527 -8143
2807 6186
-460 9202
-8398 -5658
-9319 4448
9576 -1825
-4269 1293
2251 -7393
-4552 -9705
8369 6409
1343 1507
9364 -5627
8248 -154
-3555 -9830
-7908 -4492
9659 -146
-8755 -7721
9302 502
3771 -1289
-1177 -5288
242 9789
-3966 3543
-8254 4866
4623 -8140
-1288 -1107
3401 -7405
991 -7081
-3736 -7062
3299 2231
1161 -9768
-8795 -8877
-4294 9402
-5922 -2700
1581 2907
4740 -284
8544 -8459
-3345 -3439
-8975 4845
-8722 -3794
7515 -2812
-5767 9938
-2312 4970
-118 -7790
7838 508
-133 4781
4974 6786
4439 -1862
2214 2817
3830 -8170
-5095 -8424
-613 4632
547 1542
1473 -5011
-8284 8854
-287 -1240
-141 -964
-563 -6648
7927 -615
-4958 1124
7307 5281
-1870 4370
-7598 8913
-6767 -5156
-1353 7711
2954 -1871
6845 -5591
1435 8441
-7368 7376
6592 7887
4510 1039
-7114 -5629
-3384 434
-9337 -2120
205 -4095
3126 -2683
-1464 8758
-5244 2821
6924 -4084
-6490 -4256
8828 -3642
2439 9658
-5934 -5912
7225 3334
-4079 4520
-4384 9087
-3646 4846
9774 -3069
-4280 8296
-5653 -311
7543 3045
2375 -121
-7109 -4538
7757 4558
7557 8422
8945 -7312
-9070 7304
-1659 -2649
-6529 -3898
5650 7834
4705 -3936
3534 -1953
2449 7308
6748 -7698
-5375 9287
-2826 -9969
-9952 -5695
21 -6277
-4549 9957
-363 -6458
-8300 5401
4427 -1490
6096 -3493
-7385 -4619
-1982 -4400
-2610 9348
4301 6681
3965 9324
-2374 -22
195 -4655
7999 -2000
2713 2449
9091 7181
-6270 -3547
5481 5394
-2433 7049
726 -132
114 675
8881 -3093
-3988 4402
4848 219
5401 2502
15 -6145
2766 -8458
2041 -7369
-640 -5363
6151 -6222
-5286 -5553
3709 7672
2790 -9654
-8960 5176
550 3188
6631 785
-1493 -9778
9552 -8094
6575 -3715
1443 -7304
369 -5508
-4774 -865
8799 -9958
-5726 -815
-8612 3835
7367 9821
-7680 -8442
-6198 1823
-5238 -9140
1060 219
-8413 5257
-2830 2072
-713 3128
-2214 -8432
-4421 1156
-3623 -5192
-7295 4619
2404 9926
-643 -6174
5695 7285
-6373 6471
4006 -2288
3697 7252
1548 4971
-3410 1819
-3887 5853
-5937 3208
-2386 9848
-2881 -5561
-449 726
4124 9761
6498 -2532
-5430 -8392
-6247 8716
3078 5610
8263 7247
-1101 -3754
2986 -6887
8727 -7387
-7329 -725
3460 -9707
6763 9022
-4530 -5802
-7418 8819
43 -7637
3693 -3620
-4393 -4978
-7591 9620
2055 1699
5626 -4529
3013 6312
-465 -7657
803 7408
9093 8283
1014 -1413
-4515 -4398
-9466 -552
9138 -9671
9139 3144
1179 -3208
3413 6676
-6407 -3174
-9408 2051
7035 6451
-2556 -2909
-3691 -446
3919 6610
659 -6583
-5269 2592
4926 9042
9263 9335
5418 3880
5868 -7201
7387 -9464
9933 -7184
-3643 873
-9715 962
-9997 6084
7960 -6466
-6761 4447
-2090 3843
-3913 -2378
1958 -3559
361 -4116
-6285 6564
-2917 -510
-9220 -4140
9077 4169
247 -4068
9457 -7818
-1097 8755
1113 -1200
-2223 -7341
-7010 -1637
2239 6006
7374 7354
3555 8170
7406 -1317
8510 6753
118 5865
732 6706
-176 7091
6165 3748
1237 -4110
-8078 6123
-4745 -8329
-4492 9727
-4787 -52
1130 -9605
6801 5874
-3591 -2365
-6568 -9400
-9528 9398
-5431 -6530
1679 7337
6667 966
7734 -9831
1755 -2368
-1602 -1042
9637 8358
-4349 -5634
7648 4023
5998 -5926
-9527 9829
5530 6295
-4321 -529
3408 8455
6091 3887
-3678 41
-3918 -2117
9983 5413
-5181 4117
4691 -8102
-9560 -251
-5558 -7165
5383 1626
-3506 2257
-9215 2132
-7415 3007
-1098 4741
-2523 -2132
-7790 -286
-3504 9943
5775 -3007
-2555 -8265
-4792 -6928
1291 4119
-2266 5743
6183 7280
-129 6256
6948 -1501
-1859 -2395
-3895 8624
4628 -5022
2841 6625
-6393 335
4050 -3742
4320 903
-9185 303
-6808 2905
-6384 6386
-7905 -663
1014 -2950
9563 -8159
-6502 -8344
-4098 -4445
-6197 -1513
2921 -3393
-5980 -1960
-6731 4475
-894 -3117
3319 -7762
474 -641
1598 4205
-1395 9905
9491 420
784 8306
302 3240
-9190 -4785
6568 -4845
-8103 918
-9136 1218
-9954 5412
-6573 -3886
3122 5716
-2248 -9602
650 9227
7403 -1912
9066 9616
-9497 -1428
1601 2053
-6568 -1252
8138 -3850
-7332 6613
4854 6780
9443 9688
-1668 -6696
-6616 3482
-6187 3474
2139 9462
1350 2309
2595 -5884
4817 9326
-2031 3161
-8206 8030
3367 9226
-2515 5251
1705 3486
-4141 5501
17 5909
3044 -995
5915 -5038
-9152 -2074
6588 -345
8617 -975
-1914 -274
-205 4877
9636 8236
-4473 9466
4627 9851
6986 -8620
-335 9027
863 7019
3530 1542
6039 -2329
-8243 166
-4701 6902
9111 4832
5782 3866
-3057 -7794
-2133 -656
-243 -2560
-7937 -2937
2512 -1025
9009 9645
-9906 -5266
8267 -3132
441 -9824
-608 7889
9775 -4573
9048 5091
6749 2666
8857 6491
9910 4185
2940 -9917
-9506 6022
7786 9577
903 6077
-9665 671
-8855 -2495
-6539 4291
-4655 6452
-8016 6631
-966 -3039
-3770 -5858
5968 8961
-2814 -3734
5419 -8818
-4091 1937
4478 621
-6460 -773
8493 7606
6217 9345
2093 401
2955 -703
-5137 -3351
-690 6916
3346 -287
-460 7682
8713 -1860
1948 -4024
-3907 646
-438 3849
-7320 -3381
-9848 -2833
7623 -9271
-6365 -7328
6730 -3875
-9401 -4005
6590 -689
6976 -3833
8525 9392
-4415 4551
-5880 -3246
-5216 -3512
2465 1762
-1985 6017
7880 7312
5897 2813
-7676 -2989
1483 1844
901 4567
-4461 -461
3721 -1045
-7516 -6152
3787 -1860
-4162 9825
9821 -6979
-9955 -6688
7430 -4412
-6466 -7158
-7342 -8970
-5886 -7666
1354 5704
9207 -8795
2993 7729
-8620 -6571
-3656 -7603
-4696 7009
-237 -1495
8957 9054
-7274 6468
-1864 -4067
-1451 -3246
4206 -5471
1305 1526
5386 7695
-8431 -5652
4108 -8323
3998 -5841
8225 -9053
-6127 -1778
-7436 -8292
-322 2247
3946 -6760
5824 6458
3658 -8580
5456 2581
4864 -3940
-1643 3488
-9886 1886
-7659 8376
8664 -7377
388 348
6767 2884
3873 904
1239 -1108
9980 4905
-1210 6779
9059 2559
-7183 -268
5310 6081
-7802 -7567
3809 -7147
-6235 3744
-9774 -5876
554 -2097
-6562 -5530
-7845 6282
7916 -7830
8015 525
-7523 -2111
880 9567
5589 -9546
-5522 8089
3750 -1552
8710 6330
-6419 -1952
-5924 -7606
4945 5200
-6477 2927
-5325 3481
4646 9701
1418 0
4718 2495
-6732 -1021
3535 -4784
-7590 1200
-862 -8658
-5714 -1984
-5354 1720
-9326 -7961
-8904 7795
-281 -6866
6103 7388
266 -8992
-7252 6343
-7948 8122
-6124 -7672
4316 -3630
9768 -4700
8631 -5684
8802 8524
8111 1386
5839 9606
-9207 -567
7087 2020
-4508 5989
5777 1363
-1522 3220
-9242 4128
8134 690
4868 3432
-6168 4298
-1704 1221
737 2338
8463 9969
-6375 2083
-1037 -1104
-9306 8279
5245 -8595
6972 -3937
-1822 271
8930 2449
-3371 570
1654 6645
-5685 5852
-5176 -8934
1567 851
-8372 2604
-5622 9281
-640 9323
71 -1146
-8710 4530
-1422 -6381
8318 -6095
-9409 2563
1892 -2825
-6253 -844
-734 1342
-6443 -4178
5452 -3306
-4247 -8017
-5902 -1952
-724 -7040
2949 -9090
6829 -628
8406 9440
8952 -5753
-5176 -5355
7514 3015
-6767 4466
-6520 1290
-8421 -9622
1088 -6541
-2712 -6154
2000 614
4683 -8860
4530 9974
6225 -7417
-1462 2962
-1886 2201
1749 2288
-7921 -356
-8458 6226
7053 -641
4428 3265
3238 -29
-7586 -7126
8350 5412
-2096 3243
-2925 -6285
-5201 5816
5983 9744
-1021 5953
-9234 8565
-6133 -4533
-3537 4329
9279 -4873
-5642 4512
-3846 -7943
-5514 -4154
-4822 -2185
807 1558
2830 -2185
-4766 1911
6776 8487
774 7381
2002 8739
-5010 -8934
6230 -7126
-4262 -8807
730 -8743
6208 3730
-1495 -635
-7987 -2916
1628 8375
-6186 -6169
9388 1890
4610 1329
-7167 -6327
-4439 5646
3 940
-3657 4910
-4482 2490
-8344 -7902
5252 9708
7665 2154
7939 -4942
9619 -7619
-601 7986
8094 6391
5916 -5359
1344 -8696
9841 -3659
-7980 2727
-5588 -6077
2184 7496
1795 -4653
-5671 951
-4284 8472
4784 -3840
9282 9182
2728 9831
8052 -7702
7038 1779
4922 -2467
-7593 -5608
-2723 -175
-881 2946
-8326 4731
-546 -1851
8603 8145
3041 6134
5703 4993
-5612 7098
-480 129
-2705 1102
-5242 -3441
-9860 -6981
-3462 3569
-923 -9068
-2203 -3793
1119 -6832
-6439 -570
-8752 8843
8827 -8304
6258 5551
6899 7696
8341 2764
4687 -5979
8897 -6841
-5009 -5235
4801 1168
-6520 -9250
3453 6640
43 1441
-6683 335
-2355 4625
-9612 -8473
-5791 -1245
3325 1761
5652 8499
1639 -9074
4882 567
4218 -1257
-2765 -8792
4558 8991
3061 -1117
4015 -8614
5815 4279
-5018 9413
-5389 3292
1438 -7363
-175 6379
-5714 9225
9699 3592
3952 -280
294 3192
-8905 8280
2285 -2233
-1156 9649
-2506 3141
8272 -8503
-4773 -3603
9540 7590
-2241 -1771
2711 7598
-1525 7507
7239 -2463
-2322 9966
-3396 -6744
-5634 7441
-9591 7062
561 7911
-7769 -4019
-1243 2338
-8033 -1668
-9523 -2557
9969 -6702
-848 9645
-4621 -6398
4974 9561
-5947 -9757
2381 6370
7026 -5155
7235 7817
3249 -6948
82 -633
1131 410
-8211 9795
-7233 -1619
1727 -9398
3700 1716
6854 8955
-7951 9892
3027 -9493
-80 8835
-5253 -4144
-4302 5978
-7270 -3405
7635 9238
6435 3407
9589 -6232
3596 8777
1444 9124
-6279 6621
-2363 4160
2491 9831
-6747 3288
5213 754
5516 7412
-20 -5061
-7438 -734
9131 -6097
2175 -439
9992 7554
9302 -2749
6083 -4898
-2625 -654
-6025 -3990
5287 1109
3265 -3336
-3590 4555
4024 -9052
-4233 -5159
-7389 8214
-3862 1737
-4356 -9445
-1349 7580
5113 -2655
-8836 5811
-8316 9230
2691 -1795
1086 9694
7888 -7000
-6784 -8618
329 6509
-2062 -1084
3200 -6882
-8363 -7104
4196 2615
8378 5170
4072 605
7005 858
-1839 5619
6646 -9058
-2429 -4821
2690 -2715
-847 -5328
-2765 3734
5499 9836
-8958 -1049
-9097 6896
9987 -7717
690 -9770
-2129 9942
-9654 -6041
1327 -5959
8405 -2797
3545 -2329
5726 4707
-9848 -6884
7616 -1111
7632 -197
7072 5892
6925 5102
-5944 -2927
9467 7970
-938 8938
-6437 7195
6227 -9397
-6744 7404
-644 -217
-4485 4415
-562 -3614
-1105 -5508
-934 7485
-8259 -5416
-9143 -2342
5228 -8197
-3678 -1183
7640 -4837
-5198 -6371
6216 -8689
-279 -7134
3412 -6591
-241 2456
-844 -6202
-3064 5826
-2113 -4678
7338 7960
6742 -1834
-5670 -6385
2075 4212
3203 7178
2170 -8015
-5018 5092
6049 -8870
-6899 -8342
-3878 9299
-2692 5542
8111 -8175
-3447 8049
-5545 1801
-7629 9334
-9182 -2995
1223 -6599
-5078 -1674
7174 740
5441 -6958
4280 2918
5745 7148
6915 2710
667 2717
9877 -3796
6445 2035
8482 -6756
-956 7456
7560 8455
-5798 -9226
7087 8087
-2011 -6235
-4017 -6796
-7726 -6574
-8284 -4373
-4595 2334
264 9960
4378 -1181
-8470 -4220
6291 -884
2500 -2708
-2198 1748
4467 5438
-9267 -9124
1487 -7072
8603 2008
-71 1305
-9643 8509
4976 9241
3957 -3036
-5420 -7404
2581 9866
7770 114
-9759 1713
-7279 5406
-5941 -6528
-8744 -9060
5205 5182
-1369 -4630
-7281 -6488
-8073 -5722
7539 5814
-6142 1934
-5569 -9784
-3449 -3279
2841 -5340
1190 -3961
9962 3359
5424 -682
2217 -5033
9407 5539
5217 723
5289 4644
-2780 476
-7389 -9379
4663 -9939
8373 8074
7961 -844
476 8195
5584 -9457
7028 491
3886 8006
-9816 8630
-469 -611
-1776 2168
-6367 9691
-1958 -9818
-6247 656
6475 5979
-4012 -4104
-4613 8421
7503 4026
-6390 1779
-6754 5971
-3878 443
-2973 -1704
6388 -7340
7133 -324
-3151 3866
-7740 -1188
1629 1799
-8581 3942
5968 7398
3763 7438
9993 -9859
-8485 -646
-2720 -4420
-3726 8290
9354 1187
-9099 -7723
-3236 -8612
6143 -9610
-7790 7093
-674 -6295
-5428 5940
2039 5637
-6140 -3190
9926 -8788
-8668 9025
344 -2667
2307 -5303
-4430 -6096
2824 -1735
9033 -9491
-3597 -6909
8408 5636
-6486 8039
1859 -2379
-9990 2389
-1718 -8912
-1640 -4745
803 9574
4625 4791
-2119 2488
-7524 -3509
-4500 2099
-4627 -7300
4006 -156
7045 -7293
-3355 -4694
4765 7533
9022 -8457
